256,8,1,0.000000,0.000000,0.006240,0.004288,0.070144
256,8,2,0.000000,0.000000,0.005120,0.004512,0.058464
256,8,3,0.000000,0.000000,0.004608,0.004288,0.057632
256,8,1,0.100000,0.102539,0.006016,0.004416,0.101632
256,8,2,0.100000,0.102539,0.004960,0.004480,0.091904
256,8,3,0.100000,0.102539,0.004736,0.004288,0.092544
256,8,1,0.200000,0.196289,0.006048,0.004384,0.120288
256,8,2,0.200000,0.196289,0.005056,0.004416,0.110848
256,8,3,0.200000,0.196289,0.004704,0.004352,0.109408
256,8,1,0.300000,0.296875,0.006048,0.004320,0.142016
256,8,2,0.300000,0.296875,0.004992,0.004448,0.133984
256,8,3,0.300000,0.296875,0.004640,0.004288,0.132576
256,8,1,0.400000,0.399414,0.006304,0.004352,0.166976
256,8,2,0.400000,0.399414,0.005056,0.004448,0.155680
256,8,3,0.400000,0.399414,0.004672,0.004416,0.153984
256,8,1,0.500000,0.486328,0.006176,0.004320,0.186816
256,8,2,0.500000,0.486328,0.004992,0.004512,0.175104
256,8,3,0.500000,0.486328,0.004640,0.004320,0.174496
256,8,1,0.600000,0.592773,0.006144,0.004352,0.210496
256,8,2,0.600000,0.592773,0.005024,0.004480,0.199744
256,8,3,0.600000,0.592773,0.004768,0.004352,0.199200
256,8,1,0.700000,0.702148,0.006112,0.004320,0.236352
256,8,2,0.700000,0.702148,0.005088,0.004448,0.225408
256,8,3,0.700000,0.702148,0.004832,0.004352,0.224640
256,8,1,0.800000,0.789062,0.006304,0.004384,0.256544
256,8,2,0.800000,0.789062,0.004992,0.004448,0.241536
256,8,3,0.800000,0.789062,0.004704,0.004384,0.245280
256,8,1,0.900000,0.882812,0.005952,0.004288,0.274848
256,8,2,0.900000,0.882812,0.005120,0.004448,0.265184
256,8,3,0.900000,0.882812,0.004800,0.004320,0.263456
256,8,1,1.000000,1.000000,0.006112,0.004288,0.297568
256,8,2,1.000000,1.000000,0.005056,0.004448,0.287008
256,8,3,1.000000,1.000000,0.004736,0.004352,0.285440
256,16,1,0.000000,0.000000,0.006272,0.004448,0.045632
256,16,2,0.000000,0.000000,0.005088,0.004512,0.034720
256,16,3,0.000000,0.000000,0.004672,0.004192,0.033728
256,16,1,0.100000,0.078125,0.006272,0.004352,0.073664
256,16,2,0.100000,0.078125,0.005088,0.004512,0.053824
256,16,3,0.100000,0.078125,0.004608,0.004192,0.061312
256,16,1,0.200000,0.183594,0.006240,0.004448,0.080736
256,16,2,0.200000,0.183594,0.005056,0.004448,0.077312
256,16,3,0.200000,0.183594,0.004672,0.004352,0.069856
256,16,1,0.300000,0.300781,0.006304,0.004416,0.098976
256,16,2,0.300000,0.300781,0.005120,0.004512,0.089792
256,16,3,0.300000,0.300781,0.004704,0.004320,0.085088
256,16,1,0.400000,0.398438,0.006176,0.004384,0.116224
256,16,2,0.400000,0.398438,0.004960,0.004448,0.096704
256,16,3,0.400000,0.398438,0.004608,0.004352,0.097248
256,16,1,0.500000,0.492188,0.006240,0.004352,0.123584
256,16,2,0.500000,0.492188,0.005120,0.004384,0.110464
256,16,3,0.500000,0.492188,0.004736,0.004352,0.108480
256,16,1,0.600000,0.585938,0.006016,0.004416,0.138944
256,16,2,0.600000,0.585938,0.005056,0.004416,0.125024
256,16,3,0.600000,0.585938,0.004736,0.004320,0.125984
256,16,1,0.700000,0.714844,0.005984,0.004384,0.152448
256,16,2,0.700000,0.714844,0.005088,0.004544,0.143392
256,16,3,0.700000,0.714844,0.004576,0.004320,0.136544
256,16,1,0.800000,0.804688,0.006144,0.004576,0.161152
256,16,2,0.800000,0.804688,0.005024,0.004448,0.152736
256,16,3,0.800000,0.804688,0.004672,0.004352,0.149120
256,16,1,0.900000,0.914062,0.006176,0.004320,0.171488
256,16,2,0.900000,0.914062,0.005024,0.004384,0.160704
256,16,3,0.900000,0.914062,0.004704,0.004416,0.160608
256,16,1,1.000000,1.000000,0.006304,0.004352,0.186144
256,16,2,1.000000,1.000000,0.005088,0.004480,0.185312
256,16,3,1.000000,1.000000,0.004736,0.004352,0.177120
256,32,1,0.000000,0.000000,0.006304,0.004416,0.038176
256,32,2,0.000000,0.000000,0.005024,0.004480,0.026912
256,32,3,0.000000,0.000000,0.004672,0.004096,0.026176
256,32,1,0.100000,0.031250,0.006080,0.004320,0.065792
256,32,2,0.100000,0.031250,0.004992,0.004448,0.054912
256,32,3,0.100000,0.031250,0.004704,0.004224,0.051136
256,32,1,0.200000,0.125000,0.006112,0.004352,0.069728
256,32,2,0.200000,0.125000,0.004960,0.004480,0.058176
256,32,3,0.200000,0.125000,0.004640,0.004192,0.057088
256,32,1,0.300000,0.281250,0.006080,0.004352,0.093792
256,32,2,0.300000,0.281250,0.005280,0.004416,0.082944
256,32,3,0.300000,0.281250,0.004672,0.004320,0.082176
256,32,1,0.400000,0.343750,0.006080,0.004352,0.100320
256,32,2,0.400000,0.343750,0.004992,0.004448,0.089536
256,32,3,0.400000,0.343750,0.004640,0.004256,0.088768
256,32,1,0.500000,0.453125,0.006112,0.004416,0.108224
256,32,2,0.500000,0.453125,0.005056,0.004416,0.096992
256,32,3,0.500000,0.453125,0.004608,0.004320,0.099584
256,32,1,0.600000,0.593750,0.006016,0.004480,0.132640
256,32,2,0.600000,0.593750,0.005056,0.004512,0.121440
256,32,3,0.600000,0.593750,0.004640,0.004352,0.120032
256,32,1,0.700000,0.718750,0.006112,0.004352,0.170976
256,32,2,0.700000,0.718750,0.005120,0.004352,0.149440
256,32,3,0.700000,0.718750,0.004736,0.004320,0.148384
256,32,1,0.800000,0.796875,0.006112,0.004352,0.160928
256,32,2,0.800000,0.796875,0.005056,0.004512,0.152768
256,32,3,0.800000,0.796875,0.004704,0.004288,0.151776
256,32,1,0.900000,0.937500,0.006112,0.004320,0.167936
256,32,2,0.900000,0.937500,0.005024,0.004448,0.156960
256,32,3,0.900000,0.937500,0.004704,0.004288,0.155648
256,32,1,1.000000,1.000000,0.005952,0.004384,0.195424
256,32,2,1.000000,1.000000,0.005024,0.004448,0.184576
256,32,3,1.000000,1.000000,0.004672,0.004288,0.183840
512,8,1,0.000000,0.000000,0.006080,0.004672,0.378944
512,8,2,0.000000,0.000000,0.005280,0.004512,0.367008
512,8,3,0.000000,0.000000,0.004608,0.004320,0.366336
512,8,1,0.100000,0.107910,0.006336,0.004704,0.585408
512,8,2,0.100000,0.107910,0.006240,0.004672,0.572512
512,8,3,0.100000,0.107910,0.004832,0.004320,0.573216
512,8,1,0.200000,0.207520,0.006304,0.004672,0.766624
512,8,2,0.200000,0.207520,0.005120,0.004544,0.751808
512,8,3,0.200000,0.207520,0.004832,0.004416,0.756704
512,8,1,0.300000,0.310791,0.006304,0.004768,0.965120
512,8,2,0.300000,0.310791,0.005088,0.004576,0.951008
512,8,3,0.300000,0.310791,0.004736,0.004288,0.952192
512,8,1,0.400000,0.409180,0.006432,0.004736,1.156512
512,8,2,0.400000,0.409180,0.005152,0.004512,1.139840
512,8,3,0.400000,0.409180,0.004736,0.004416,1.140256
512,8,1,0.500000,0.510254,0.006272,0.004672,1.350752
512,8,2,0.500000,0.510254,0.005280,0.004352,1.340704
512,8,3,0.500000,0.510254,0.004864,0.004288,1.341984
512,8,1,0.600000,0.610840,0.006400,0.004736,1.557280
512,8,2,0.600000,0.610840,0.005120,0.004480,1.539712
512,8,3,0.600000,0.610840,0.004800,0.004352,1.544576
512,8,1,0.700000,0.710205,0.006304,0.004704,1.760480
512,8,2,0.700000,0.710205,0.005152,0.004544,1.738784
512,8,3,0.700000,0.710205,0.004800,0.004384,1.744480
512,8,1,0.800000,0.804199,0.006112,0.004640,1.938848
512,8,2,0.800000,0.804199,0.005120,0.004416,1.929024
512,8,3,0.800000,0.804199,0.004768,0.004352,1.926144
512,8,1,0.900000,0.908203,0.006272,0.004608,2.162656
512,8,2,0.900000,0.908203,0.005216,0.004512,2.147392
512,8,3,0.900000,0.908203,0.004832,0.004352,2.145504
512,8,1,1.000000,1.000000,0.006304,0.004640,2.283264
512,8,2,1.000000,1.000000,0.005216,0.004512,2.289312
512,8,3,1.000000,1.000000,0.004768,0.004256,2.276672
512,16,1,0.000000,0.000000,0.006080,0.004480,0.203840
512,16,2,0.000000,0.000000,0.005120,0.004448,0.192640
512,16,3,0.000000,0.000000,0.004640,0.004320,0.190368
512,16,1,0.100000,0.100586,0.006176,0.004480,0.318688
512,16,2,0.100000,0.100586,0.005120,0.004416,0.299904
512,16,3,0.100000,0.100586,0.004736,0.004256,0.301120
512,16,1,0.200000,0.197266,0.006272,0.004512,0.408096
512,16,2,0.200000,0.197266,0.005088,0.004448,0.409280
512,16,3,0.200000,0.197266,0.004832,0.004288,0.404672
512,16,1,0.300000,0.317383,0.006304,0.004512,0.537856
512,16,2,0.300000,0.317383,0.005120,0.004480,0.514272
512,16,3,0.300000,0.317383,0.004800,0.004320,0.530016
512,16,1,0.400000,0.414062,0.006368,0.004512,0.649184
512,16,2,0.400000,0.414062,0.005120,0.004544,0.631584
512,16,3,0.400000,0.414062,0.004768,0.004416,0.624960
512,16,1,0.500000,0.514648,0.006400,0.004544,0.762688
512,16,2,0.500000,0.514648,0.005152,0.004512,0.743296
512,16,3,0.500000,0.514648,0.004736,0.004416,0.736160
512,16,1,0.600000,0.610352,0.006208,0.004544,0.865888
512,16,2,0.600000,0.610352,0.005248,0.004512,0.841504
512,16,3,0.600000,0.610352,0.004832,0.004352,0.845728
512,16,1,0.700000,0.693359,0.006240,0.004512,0.955840
512,16,2,0.700000,0.693359,0.005152,0.004480,0.932352
512,16,3,0.700000,0.693359,0.004864,0.004384,0.935008
512,16,1,0.800000,0.802734,0.006240,0.004512,1.063008
512,16,2,0.800000,0.802734,0.005088,0.004544,1.056640
512,16,3,0.800000,0.802734,0.004736,0.004320,1.053728
512,16,1,0.900000,0.901367,0.006400,0.004512,1.161888
512,16,2,0.900000,0.901367,0.005184,0.004512,1.145504
512,16,3,0.900000,0.901367,0.004768,0.004320,1.141472
512,16,1,1.000000,1.000000,0.006176,0.004480,1.267904
512,16,2,1.000000,1.000000,0.005312,0.004512,1.254560
512,16,3,1.000000,1.000000,0.004928,0.004352,1.253184
512,32,1,0.000000,0.000000,0.006368,0.004544,0.127296
512,32,2,0.000000,0.000000,0.005056,0.004448,0.114272
512,32,3,0.000000,0.000000,0.004768,0.004352,0.113056
512,32,1,0.100000,0.101562,0.006336,0.004320,0.272832
512,32,2,0.100000,0.101562,0.005120,0.004448,0.268992
512,32,3,0.100000,0.101562,0.004800,0.004320,0.257248
512,32,1,0.200000,0.207031,0.006432,0.004352,0.375936
512,32,2,0.200000,0.207031,0.005184,0.004544,0.363104
512,32,3,0.200000,0.207031,0.004800,0.004416,0.365664
512,32,1,0.300000,0.351562,0.006272,0.004320,0.532384
512,32,2,0.300000,0.351562,0.005216,0.004480,0.520352
512,32,3,0.300000,0.351562,0.004896,0.004384,0.522592
512,32,1,0.400000,0.429688,0.006400,0.004384,0.616544
512,32,2,0.400000,0.429688,0.005056,0.004544,0.602016
512,32,3,0.400000,0.429688,0.004768,0.004288,0.602272
512,32,1,0.500000,0.535156,0.006272,0.004480,0.734912
512,32,2,0.500000,0.535156,0.005024,0.004544,0.730464
512,32,3,0.500000,0.535156,0.004896,0.004384,0.727744
512,32,1,0.600000,0.648438,0.006144,0.004448,0.865120
512,32,2,0.600000,0.648438,0.005152,0.004512,0.853696
512,32,3,0.600000,0.648438,0.004928,0.004448,0.843744
512,32,1,0.700000,0.710938,0.006080,0.004352,0.936128
512,32,2,0.700000,0.710938,0.005088,0.004480,0.923072
512,32,3,0.700000,0.710938,0.004704,0.004256,0.919200
512,32,1,0.800000,0.800781,0.006336,0.004416,1.009696
512,32,2,0.800000,0.800781,0.005120,0.004544,0.993216
512,32,3,0.800000,0.800781,0.004768,0.004448,0.997152
512,32,1,0.900000,0.894531,0.006304,0.004448,1.133888
512,32,2,0.900000,0.894531,0.005248,0.004576,1.120960
512,32,3,0.900000,0.894531,0.004800,0.004256,1.119360
512,32,1,1.000000,1.000000,0.006304,0.004448,1.264512
512,32,2,1.000000,1.000000,0.005184,0.004512,1.250688
512,32,3,1.000000,1.000000,0.004896,0.004448,1.250048
1024,8,1,0.000000,0.000000,0.006336,0.004640,2.788800
1024,8,2,0.000000,0.000000,0.005184,0.004640,2.773376
1024,8,3,0.000000,0.000000,0.004800,0.004320,2.772160
1024,8,1,0.100000,0.098450,0.006272,0.004672,4.145504
1024,8,2,0.100000,0.098450,0.005088,0.004448,4.130848
1024,8,3,0.100000,0.098450,0.004800,0.004288,4.127008
1024,8,1,0.200000,0.198853,0.006432,0.004672,5.677600
1024,8,2,0.200000,0.198853,0.005248,0.004384,5.662112
1024,8,3,0.200000,0.198853,0.004736,0.004320,5.650944
1024,8,1,0.300000,0.301575,0.006528,0.004800,7.291072
1024,8,2,0.300000,0.301575,0.005280,0.004448,7.272160
1024,8,3,0.300000,0.301575,0.004768,0.004384,7.268704
1024,8,1,0.400000,0.397827,0.006432,0.004672,8.857536
1024,8,2,0.400000,0.397827,0.005120,0.004448,8.849856
1024,8,3,0.400000,0.397827,0.004672,0.004384,8.858592
1024,8,1,0.500000,0.497803,0.006304,0.004736,10.511936
1024,8,2,0.500000,0.497803,0.005248,0.004544,10.495552
1024,8,3,0.500000,0.497803,0.004864,0.004480,10.497536
1024,8,1,0.600000,0.595703,0.006464,0.004704,12.174048
1024,8,2,0.600000,0.595703,0.005728,0.004576,12.156096
1024,8,3,0.600000,0.595703,0.004704,0.004320,12.145152
1024,8,1,0.700000,0.698181,0.006336,0.012192,13.931968
1024,8,2,0.700000,0.698181,0.005216,0.004448,13.911456
1024,8,3,0.700000,0.698181,0.004800,0.004320,13.930336
1024,8,1,0.800000,0.802246,0.006368,0.004672,15.706592
1024,8,2,0.800000,0.802246,0.005152,0.004480,15.726048
1024,8,3,0.800000,0.802246,0.004800,0.004352,15.719648
1024,8,1,0.900000,0.902710,0.006400,0.004672,17.455424
1024,8,2,0.900000,0.902710,0.005056,0.004608,17.478080
1024,8,3,0.900000,0.902710,0.004704,0.004352,17.474752
1024,8,1,1.000000,1.000000,0.006304,0.004672,18.906592
1024,8,2,1.000000,1.000000,0.005184,0.004416,18.900480
1024,8,3,1.000000,1.000000,0.004736,0.004384,18.866624
1024,16,1,0.000000,0.000000,0.006304,0.004448,1.374208
1024,16,2,0.000000,0.000000,0.005088,0.004480,1.357184
1024,16,3,0.000000,0.000000,0.004704,0.004320,1.356096
1024,16,1,0.100000,0.092529,0.006400,0.004480,2.021632
1024,16,2,0.100000,0.092529,0.005184,0.004448,2.008192
1024,16,3,0.100000,0.092529,0.004896,0.004352,1.990912
1024,16,1,0.200000,0.191650,0.006336,0.004416,2.817440
1024,16,2,0.200000,0.191650,0.005120,0.004448,2.785248
1024,16,3,0.200000,0.191650,0.004768,0.004320,2.750880
1024,16,1,0.300000,0.293945,0.006976,0.004576,3.663424
1024,16,2,0.300000,0.293945,0.005152,0.004448,3.673120
1024,16,3,0.300000,0.293945,0.004768,0.004384,3.639808
1024,16,1,0.400000,0.390137,0.006240,0.004576,4.536032
1024,16,2,0.400000,0.390137,0.005216,0.004512,4.524704
1024,16,3,0.400000,0.390137,0.004736,0.004416,4.475488
1024,16,1,0.500000,0.482178,0.006400,0.004512,5.355424
1024,16,2,0.500000,0.482178,0.005152,0.004512,5.345248
1024,16,3,0.500000,0.482178,0.004832,0.004448,5.345344
1024,16,1,0.600000,0.576904,0.006368,0.004576,6.227136
1024,16,2,0.600000,0.576904,0.005120,0.004576,6.219072
1024,16,3,0.600000,0.576904,0.004768,0.004384,6.192992
1024,16,1,0.700000,0.687256,0.006336,0.004448,7.244832
1024,16,2,0.700000,0.687256,0.005216,0.004448,7.222304
1024,16,3,0.700000,0.687256,0.004768,0.004320,7.233408
1024,16,1,0.800000,0.793457,0.006336,0.004448,8.222336
1024,16,2,0.800000,0.793457,0.005248,0.004544,8.211104
1024,16,3,0.800000,0.793457,0.004896,0.004384,8.173888
1024,16,1,0.900000,0.907715,0.006400,0.004544,9.166816
1024,16,2,0.900000,0.907715,0.005056,0.004448,9.122848
1024,16,3,0.900000,0.907715,0.004800,0.004384,9.136736
1024,16,1,1.000000,1.000000,0.006528,0.004544,9.796512
1024,16,2,1.000000,1.000000,0.005216,0.004480,9.776544
1024,16,3,1.000000,1.000000,0.004768,0.004384,9.782912
1024,32,1,0.000000,0.000000,0.006464,0.004512,0.743456
1024,32,2,0.000000,0.000000,0.004960,0.004416,0.727392
1024,32,3,0.000000,0.000000,0.004608,0.004352,0.726912
1024,32,1,0.100000,0.095703,0.006240,0.004480,1.701120
1024,32,2,0.100000,0.095703,0.005152,0.004480,1.663584
1024,32,3,0.100000,0.095703,0.004768,0.004320,1.667072
1024,32,1,0.200000,0.193359,0.006272,0.004480,2.530912
1024,32,2,0.200000,0.193359,0.005088,0.004448,2.520832
1024,32,3,0.200000,0.193359,0.004800,0.004352,2.521408
1024,32,1,0.300000,0.291016,0.006368,0.004512,3.373568
1024,32,2,0.300000,0.291016,0.005088,0.004576,3.364992
1024,32,3,0.300000,0.291016,0.004640,0.004416,3.358752
1024,32,1,0.400000,0.401367,0.006240,0.004480,4.353152
1024,32,2,0.400000,0.401367,0.005184,0.004544,4.329664
1024,32,3,0.400000,0.401367,0.004864,0.004384,4.341344
1024,32,1,0.500000,0.507812,0.006368,0.004480,5.278432
1024,32,2,0.500000,0.507812,0.005152,0.004448,5.261728
1024,32,3,0.500000,0.507812,0.004640,0.004384,5.265920
1024,32,1,0.600000,0.582031,0.006240,0.004576,5.916032
1024,32,2,0.600000,0.582031,0.005216,0.004512,5.915328
1024,32,3,0.600000,0.582031,0.004736,0.004352,5.906496
1024,32,1,0.700000,0.689453,0.006464,0.004448,6.920928
1024,32,2,0.700000,0.689453,0.005024,0.004512,6.876672
1024,32,3,0.700000,0.689453,0.004832,0.004416,6.880640
1024,32,1,0.800000,0.807617,0.006400,0.004544,7.936704
1024,32,2,0.800000,0.807617,0.005088,0.004480,7.967392
1024,32,3,0.800000,0.807617,0.004768,0.004384,7.961152
1024,32,1,0.900000,0.912109,0.006272,0.004480,8.973760
1024,32,2,0.900000,0.912109,0.004992,0.004480,8.955360
1024,32,3,0.900000,0.912109,0.004768,0.004384,8.954624
1024,32,1,1.000000,1.000000,0.006464,0.004448,9.858656
1024,32,2,1.000000,1.000000,0.005184,0.004544,9.838944
1024,32,3,1.000000,1.000000,0.004832,0.004448,9.837088
2048,8,1,0.000000,0.000000,0.006400,0.004704,21.902816
2048,8,2,0.000000,0.000000,0.004992,0.004448,21.880192
2048,8,3,0.000000,0.000000,0.004704,0.004416,21.879488
2048,8,1,0.100000,0.100189,0.006560,0.004704,31.891872
2048,8,2,0.100000,0.100189,0.005088,0.004512,31.870304
2048,8,3,0.100000,0.100189,0.009664,0.004544,31.885024
2048,8,1,0.200000,0.202026,0.006336,0.004608,43.820256
2048,8,2,0.200000,0.202026,0.005120,0.004480,43.806944
2048,8,3,0.200000,0.202026,0.004896,0.004352,43.818208
2048,8,1,0.300000,0.301071,0.006432,0.004704,56.016896
2048,8,2,0.300000,0.301071,0.005184,0.004480,55.976544
2048,8,3,0.300000,0.301071,0.004704,0.004480,55.986976
2048,8,1,0.400000,0.401596,0.006400,0.004736,68.729920
2048,8,2,0.400000,0.401596,0.005152,0.004448,68.713152
2048,8,3,0.400000,0.401596,0.004864,0.004416,68.707744
2048,8,1,0.500000,0.499283,0.006432,0.004800,81.370176
2048,8,2,0.500000,0.499283,0.005152,0.004448,81.379328
2048,8,3,0.500000,0.499283,0.005632,0.004736,81.357952
2048,8,1,0.600000,0.600677,0.006368,0.004640,94.729120
2048,8,2,0.600000,0.600677,0.005056,0.004544,94.747008
2048,8,3,0.600000,0.600677,0.004800,0.004480,94.759072
2048,8,1,0.700000,0.701843,0.006464,0.004864,108.271904
2048,8,2,0.700000,0.701843,0.005376,0.004576,108.231968
2048,8,3,0.700000,0.701843,0.004736,0.004416,108.298944
2048,8,1,0.800000,0.799545,0.006432,0.004640,121.427712
2048,8,2,0.800000,0.799545,0.005120,0.004480,121.314848
2048,8,3,0.800000,0.799545,0.004896,0.004480,121.341504
2048,8,1,0.900000,0.899979,0.006336,0.004736,134.841504
2048,8,2,0.900000,0.899979,0.006400,0.004768,134.853472
2048,8,3,0.900000,0.899979,0.005792,0.004576,134.824064
2048,8,1,1.000000,1.000000,0.006368,0.004736,147.310144
2048,8,2,1.000000,1.000000,0.005088,0.004544,147.244672
2048,8,3,1.000000,1.000000,0.004672,0.004416,147.075392
2048,16,1,0.000000,0.000000,0.006368,0.004672,10.484064
2048,16,2,0.000000,0.000000,0.005280,0.004480,10.476832
2048,16,3,0.000000,0.000000,0.004736,0.004320,10.478592
2048,16,1,0.100000,0.100403,0.006144,0.004736,15.860480
2048,16,2,0.100000,0.100403,0.005184,0.004512,15.844256
2048,16,3,0.100000,0.100403,0.004640,0.004320,15.848640
2048,16,1,0.200000,0.202271,0.006432,0.015904,22.262112
2048,16,2,0.200000,0.202271,0.005056,0.004480,22.290624
2048,16,3,0.200000,0.202271,0.004768,0.004352,22.174112
2048,16,1,0.300000,0.300476,0.006528,0.004736,28.983648
2048,16,2,0.300000,0.300476,0.005152,0.004544,29.055296
2048,16,3,0.300000,0.300476,0.004736,0.004320,29.109472
2048,16,1,0.400000,0.400269,0.006336,0.004704,36.235488
2048,16,2,0.400000,0.400269,0.005248,0.004576,36.209536
2048,16,3,0.400000,0.400269,0.004704,0.004384,36.176512
2048,16,1,0.500000,0.498535,0.006272,0.004608,43.523168
2048,16,2,0.500000,0.498535,0.005056,0.004448,43.497728
2048,16,3,0.500000,0.498535,0.004896,0.004384,43.535808
2048,16,1,0.600000,0.599915,0.006368,0.004640,51.213504
2048,16,2,0.600000,0.599915,0.005280,0.004480,51.082752
2048,16,3,0.600000,0.599915,0.004800,0.004288,51.057792
2048,16,1,0.700000,0.703491,0.006432,0.004640,58.952544
2048,16,2,0.700000,0.703491,0.005152,0.004448,58.958784
2048,16,3,0.700000,0.703491,0.004768,0.004384,58.965440
2048,16,1,0.800000,0.803650,0.006368,0.004672,66.606272
2048,16,2,0.800000,0.803650,0.005760,0.004640,66.638240
2048,16,3,0.800000,0.803650,0.004736,0.004384,66.604000
2048,16,1,0.900000,0.902161,0.006304,0.004608,74.108320
2048,16,2,0.900000,0.902161,0.005184,0.004448,73.817536
2048,16,3,0.900000,0.902161,0.004736,0.004320,73.919776
2048,16,1,1.000000,1.000000,0.006400,0.004608,78.003488
2048,16,2,1.000000,1.000000,0.005120,0.004512,77.998880
2048,16,3,1.000000,1.000000,0.004864,0.004384,77.992928
2048,32,1,0.000000,0.000000,0.006368,0.004480,5.442144
2048,32,2,0.000000,0.000000,0.005088,0.004512,5.408160
2048,32,3,0.000000,0.000000,0.004736,0.004352,5.387232
2048,32,1,0.100000,0.104004,0.006528,0.004512,12.987136
2048,32,2,0.100000,0.104004,0.005152,0.004480,13.092576
2048,32,3,0.100000,0.104004,0.004832,0.004352,13.168960
2048,32,1,0.200000,0.202393,0.006304,0.004576,19.830816
2048,32,2,0.200000,0.202393,0.005184,0.004480,19.842464
2048,32,3,0.200000,0.202393,0.004768,0.004480,19.804672
2048,32,1,0.300000,0.297607,0.006528,0.004480,26.454048
2048,32,2,0.300000,0.297607,0.005056,0.004480,26.408768
2048,32,3,0.300000,0.297607,0.004800,0.004320,26.411648
2048,32,1,0.400000,0.401367,0.006208,0.004480,33.693600
2048,32,2,0.400000,0.401367,0.005088,0.004576,33.702336
2048,32,3,0.400000,0.401367,0.004736,0.004384,33.692896
2048,32,1,0.500000,0.492920,0.006272,0.004576,40.099840
2048,32,2,0.500000,0.492920,0.005152,0.004480,40.057152
2048,32,3,0.500000,0.492920,0.004768,0.004384,40.063936
2048,32,1,0.600000,0.597168,0.006400,0.004512,47.334048
2048,32,2,0.600000,0.597168,0.005120,0.004480,47.336064
2048,32,3,0.600000,0.597168,0.004800,0.004288,47.297664
2048,32,1,0.700000,0.701660,0.006432,0.004512,54.549664
2048,32,2,0.700000,0.701660,0.005280,0.004448,54.619680
2048,32,3,0.700000,0.701660,0.004704,0.004384,54.627904
2048,32,1,0.800000,0.805176,0.006400,0.004576,61.895168
2048,32,2,0.800000,0.805176,0.005152,0.004512,61.844352
2048,32,3,0.800000,0.805176,0.004832,0.004448,61.856096
2048,32,1,0.900000,0.899658,0.006336,0.004448,68.999520
2048,32,2,0.900000,0.899658,0.005088,0.004512,68.932128
2048,32,3,0.900000,0.899658,0.005056,0.004384,68.901376
2048,32,1,1.000000,1.000000,0.006304,0.004448,76.951360
2048,32,2,1.000000,1.000000,0.004992,0.004480,76.931776
2048,32,3,1.000000,1.000000,0.004768,0.004352,76.927904
2560,8,1,0.000000,0.000000,0.006752,0.004768,42.685056
2560,8,2,0.000000,0.000000,0.005216,0.004416,42.671264
2560,8,3,0.000000,0.000000,0.004928,0.004384,42.671424
2560,8,1,0.100000,0.100449,0.006880,0.004768,62.228672
2560,8,2,0.100000,0.100449,0.005120,0.004416,62.221216
2560,8,3,0.100000,0.100449,0.004960,0.004384,62.208032
2560,8,1,0.200000,0.200791,0.006656,0.004768,85.565952
2560,8,2,0.200000,0.200791,0.005280,0.004448,85.569728
2560,8,3,0.200000,0.200791,0.004992,0.004448,85.555616
2560,8,1,0.300000,0.300986,0.006752,0.004768,110.120608
2560,8,2,0.300000,0.300986,0.005408,0.004512,110.130016
2560,8,3,0.300000,0.300986,0.004832,0.004544,110.128864
2560,8,1,0.400000,0.401738,0.006912,0.004832,135.536192
2560,8,2,0.400000,0.401738,0.008256,0.005280,135.576416
2560,8,3,0.400000,0.401738,0.004992,0.004416,135.517888
2560,8,1,0.500000,0.501367,0.006592,0.004704,161.103360
2560,8,2,0.500000,0.501367,0.005248,0.004608,161.098560
2560,8,3,0.500000,0.501367,0.005536,0.004384,161.028064
2560,8,1,0.600000,0.600820,0.006656,0.004704,187.033536
2560,8,2,0.600000,0.600820,0.005152,0.004480,186.983200
2560,8,3,0.600000,0.600820,0.004992,0.004416,186.925152
2560,8,1,0.700000,0.701846,0.006656,0.004704,213.287712
2560,8,2,0.700000,0.701846,0.005312,0.004480,213.377312
2560,8,3,0.700000,0.701846,0.005536,0.004672,213.275168
2560,8,1,0.800000,0.801357,0.006560,0.004736,239.223360
2560,8,2,0.800000,0.801357,0.005312,0.004576,239.351488
2560,8,3,0.800000,0.801357,0.004864,0.004448,239.095520
2560,8,1,0.900000,0.901348,0.006720,0.004672,265.385120
2560,8,2,0.900000,0.901348,0.005088,0.004480,264.765280
2560,8,3,0.900000,0.901348,0.004864,0.004416,264.715488
2560,8,1,1.000000,1.000000,0.006688,0.004800,288.571040
2560,8,2,1.000000,1.000000,0.005856,0.004512,287.590304
2560,8,3,1.000000,1.000000,0.005632,0.004608,287.306592
2560,16,1,0.000000,0.000000,0.006432,0.004768,20.366368
2560,16,2,0.000000,0.000000,0.005120,0.004608,20.334912
2560,16,3,0.000000,0.000000,0.004736,0.004416,20.370464
2560,16,1,0.100000,0.099180,0.006656,0.004736,30.253952
2560,16,2,0.100000,0.099180,0.005280,0.004512,30.338336
2560,16,3,0.100000,0.099180,0.004704,0.004384,30.275136
2560,16,1,0.200000,0.202266,0.006304,0.004736,42.952960
2560,16,2,0.200000,0.202266,0.005216,0.004512,42.843648
2560,16,3,0.200000,0.202266,0.004864,0.004480,42.824128
2560,16,1,0.300000,0.302344,0.006496,0.004832,56.350752
2560,16,2,0.300000,0.302344,0.005120,0.004512,56.317504
2560,16,3,0.300000,0.302344,0.004800,0.004512,56.296448
2560,16,1,0.400000,0.404219,0.006368,0.004704,70.540704
2560,16,2,0.400000,0.404219,0.005440,0.004416,70.586752
2560,16,3,0.400000,0.404219,0.004672,0.004352,70.631072
2560,16,1,0.500000,0.502852,0.006336,0.004768,84.782304
2560,16,2,0.500000,0.502852,0.005344,0.004512,84.858656
2560,16,3,0.500000,0.502852,0.004704,0.004352,84.882272
2560,16,1,0.600000,0.601836,0.006400,0.004832,99.161536
2560,16,2,0.600000,0.601836,0.005152,0.004640,99.505472
2560,16,3,0.600000,0.601836,0.004704,0.004384,99.372128
2560,16,1,0.700000,0.701680,0.006592,0.004672,114.270272
2560,16,2,0.700000,0.701680,0.005184,0.004512,113.982336
2560,16,3,0.700000,0.701680,0.004960,0.004352,114.055552
2560,16,1,0.800000,0.800391,0.006368,0.004736,128.790176
2560,16,2,0.800000,0.800391,0.005472,0.004544,128.568736
2560,16,3,0.800000,0.800391,0.004960,0.004384,128.690368
2560,16,1,0.900000,0.901367,0.006400,0.004704,143.593504
2560,16,2,0.900000,0.901367,0.005280,0.004544,143.629568
2560,16,3,0.900000,0.901367,0.004864,0.004384,143.648288
2560,16,1,1.000000,1.000000,0.015392,0.004768,151.278336
2560,16,2,1.000000,1.000000,0.005184,0.004608,151.180480
2560,16,3,1.000000,1.000000,0.004832,0.004416,151.230400
2560,32,1,0.000000,0.000000,0.006464,0.004416,10.452416
2560,32,2,0.000000,0.000000,0.005120,0.004480,10.446240
2560,32,3,0.000000,0.000000,0.004768,0.004320,10.413824
2560,32,1,0.100000,0.096250,0.006336,0.004416,24.148032
2560,32,2,0.100000,0.096250,0.005152,0.004576,24.059072
2560,32,3,0.100000,0.096250,0.004800,0.004384,24.039360
2560,32,1,0.200000,0.203281,0.006240,0.004416,38.623168
2560,32,2,0.200000,0.203281,0.005024,0.004576,38.663968
2560,32,3,0.200000,0.203281,0.004704,0.004384,38.693888
2560,32,1,0.300000,0.302031,0.006304,0.004416,52.131520
2560,32,2,0.300000,0.302031,0.005152,0.004544,52.141280
2560,32,3,0.300000,0.302031,0.004640,0.004512,52.139296
2560,32,1,0.400000,0.404219,0.006432,0.004320,66.135104
2560,32,2,0.400000,0.404219,0.005152,0.004576,66.114400
2560,32,3,0.400000,0.404219,0.004864,0.004352,66.139072
2560,32,1,0.500000,0.503906,0.006208,0.004352,79.756864
2560,32,2,0.500000,0.503906,0.005120,0.004480,79.736512
2560,32,3,0.500000,0.503906,0.004672,0.004352,79.715040
2560,32,1,0.600000,0.597188,0.006464,0.004384,92.587488
2560,32,2,0.600000,0.597188,0.005152,0.004416,92.608992
2560,32,3,0.600000,0.597188,0.004704,0.004352,92.537888
2560,32,1,0.700000,0.692500,0.006336,0.004384,105.605728
2560,32,2,0.700000,0.692500,0.005280,0.004608,105.516192
2560,32,3,0.700000,0.692500,0.004832,0.004384,105.589120
2560,32,1,0.800000,0.796875,0.006432,0.004352,119.696000
2560,32,2,0.800000,0.796875,0.005184,0.004512,119.779008
2560,32,3,0.800000,0.796875,0.004704,0.004352,119.733056
2560,32,1,0.900000,0.896875,0.006400,0.004384,133.927488
2560,32,2,0.900000,0.896875,0.005248,0.004544,133.982336
2560,32,3,0.900000,0.896875,0.004672,0.004416,133.988864
2560,32,1,1.000000,1.000000,0.006432,0.004352,149.432480
2560,32,2,1.000000,1.000000,0.005088,0.004512,149.418784
2560,32,3,1.000000,1.000000,0.004864,0.004352,149.431104
3072,8,1,0.000000,0.000000,0.006752,0.004768,73.701376
3072,8,2,0.000000,0.000000,0.005152,0.004576,73.683840
3072,8,3,0.000000,0.000000,0.004736,0.037600,73.684128
3072,8,1,0.100000,0.099962,0.006656,0.004768,107.251360
3072,8,2,0.100000,0.099962,0.005216,0.004480,107.241216
3072,8,3,0.100000,0.099962,0.004864,0.004480,107.186656
3072,8,1,0.200000,0.199117,0.006752,0.004704,147.328576
3072,8,2,0.200000,0.199117,0.005088,0.004480,147.402432
3072,8,3,0.200000,0.199117,0.004864,0.004448,147.376256
3072,8,1,0.300000,0.298374,0.006688,0.004704,189.672896
3072,8,2,0.300000,0.298374,0.004992,0.004448,189.629024
3072,8,3,0.300000,0.298374,0.004928,0.004512,189.715968
3072,8,1,0.400000,0.397956,0.006656,0.004768,233.417088
3072,8,2,0.400000,0.397956,0.005504,0.004640,233.391456
3072,8,3,0.400000,0.397956,0.004864,0.004544,233.449760
3072,8,1,0.500000,0.498657,0.006752,0.004832,278.306112
3072,8,2,0.500000,0.498657,0.005248,0.004608,278.196832
3072,8,3,0.500000,0.498657,0.005504,0.004448,278.198976
3072,8,1,0.600000,0.599379,0.006592,0.004800,323.567808
3072,8,2,0.600000,0.599379,0.005088,0.004640,323.568768
3072,8,3,0.600000,0.599379,0.004992,0.004608,323.518720
3072,8,1,0.700000,0.698012,0.006656,0.004864,368.373408
3072,8,2,0.700000,0.698012,0.005216,0.004544,368.192480
3072,8,3,0.700000,0.698012,0.005632,0.004864,368.054784
3072,8,1,0.800000,0.799533,0.006880,0.004832,413.899872
3072,8,2,0.800000,0.799533,0.005184,0.004512,413.835648
3072,8,3,0.800000,0.799533,0.010272,0.004736,413.760512
3072,8,1,0.900000,0.899333,0.006656,0.004768,458.147872
3072,8,2,0.900000,0.899333,0.005344,0.004544,457.810944
3072,8,3,0.900000,0.899333,0.005056,0.033728,458.149504
3072,8,1,1.000000,1.000000,0.006560,0.004800,500.453088
3072,8,2,1.000000,1.000000,0.007552,0.005440,499.755616
3072,8,3,1.000000,1.000000,0.005984,0.004800,499.314464
3072,16,1,0.000000,0.000000,0.006400,0.004672,35.120608
3072,16,2,0.000000,0.000000,0.005056,0.004512,35.062048
3072,16,3,0.000000,0.000000,0.004832,0.004480,35.097920
3072,16,1,0.100000,0.100722,0.006432,0.004704,52.500576
3072,16,2,0.100000,0.100722,0.005056,0.004448,52.281664
3072,16,3,0.100000,0.100722,0.004768,0.004416,52.302880
3072,16,1,0.200000,0.197808,0.006368,0.004608,72.680000
3072,16,2,0.200000,0.197808,0.004992,0.004448,72.745312
3072,16,3,0.200000,0.197808,0.004768,0.004416,72.695968
3072,16,1,0.300000,0.297363,0.006400,0.004640,95.981472
3072,16,2,0.300000,0.297363,0.005184,0.004576,95.830784
3072,16,3,0.300000,0.297363,0.004672,0.004480,95.786272
3072,16,1,0.400000,0.397027,0.006432,0.004640,119.901472
3072,16,2,0.400000,0.397027,0.005056,0.004416,120.073632
3072,16,3,0.400000,0.397027,0.005408,0.004480,119.901120
3072,16,1,0.500000,0.496501,0.006496,0.004672,144.747808
3072,16,2,0.500000,0.496501,0.005216,0.004512,144.755232
3072,16,3,0.500000,0.496501,0.004736,0.004448,144.393504
3072,16,1,0.600000,0.595730,0.006368,0.004640,169.513504
3072,16,2,0.600000,0.595730,0.005056,0.004480,169.849152
3072,16,3,0.600000,0.595730,0.004928,0.004448,169.828416
3072,16,1,0.700000,0.695231,0.006464,0.004736,195.205472
3072,16,2,0.700000,0.695231,0.005120,0.004608,194.867264
3072,16,3,0.700000,0.695231,0.004768,0.004576,195.103456
3072,16,1,0.800000,0.797662,0.006336,0.004736,221.562688
3072,16,2,0.800000,0.797662,0.005216,0.004512,221.418560
3072,16,3,0.800000,0.797662,0.004768,0.004384,221.639360
3072,16,1,0.900000,0.899197,0.006464,0.004672,247.583744
3072,16,2,0.900000,0.899197,0.005568,0.004512,247.502912
3072,16,3,0.900000,0.899197,0.004832,0.004352,247.795200
3072,16,1,1.000000,1.000000,0.006272,0.004736,261.586048
3072,16,2,1.000000,1.000000,0.005184,0.004512,261.544128
3072,16,3,1.000000,1.000000,0.007072,0.005376,261.607328
3072,32,1,0.000000,0.000000,0.006336,0.004672,17.910176
3072,32,2,0.000000,0.000000,0.005120,0.004480,17.866560
3072,32,3,0.000000,0.000000,0.004832,0.004480,17.833216
3072,32,1,0.100000,0.098958,0.006336,0.004704,42.449280
3072,32,2,0.100000,0.098958,0.005184,0.004480,42.202016
3072,32,3,0.100000,0.098958,0.004576,0.004384,42.052576
3072,32,1,0.200000,0.196506,0.006400,0.004640,65.227424
3072,32,2,0.200000,0.196506,0.005248,0.004480,65.186752
3072,32,3,0.200000,0.196506,0.004864,0.004352,65.373120
3072,32,1,0.300000,0.294922,0.006272,0.004672,88.630976
3072,32,2,0.300000,0.294922,0.005184,0.004448,88.598976
3072,32,3,0.300000,0.294922,0.005088,0.004448,88.637248
3072,32,1,0.400000,0.393555,0.006496,0.004736,112.095264
3072,32,2,0.400000,0.393555,0.005280,0.004576,112.149056
3072,32,3,0.400000,0.393555,0.004800,0.004480,112.060256
3072,32,1,0.500000,0.493056,0.006496,0.004672,135.910624
3072,32,2,0.500000,0.493056,0.005120,0.004448,135.796128
3072,32,3,0.500000,0.493056,0.004928,0.004480,135.755520
3072,32,1,0.600000,0.591905,0.006496,0.004736,159.339104
3072,32,2,0.600000,0.591905,0.005184,0.004480,159.388096
3072,32,3,0.600000,0.591905,0.004832,0.004384,159.331456
3072,32,1,0.700000,0.690104,0.006432,0.004704,182.615616
3072,32,2,0.700000,0.690104,0.005248,0.004512,182.616608
3072,32,3,0.700000,0.690104,0.004896,0.004512,182.747072
3072,32,1,0.800000,0.795790,0.006336,0.004736,207.536704
3072,32,2,0.800000,0.795790,0.005056,0.004544,207.773504
3072,32,3,0.800000,0.795790,0.004864,0.004352,207.779936
3072,32,1,0.900000,0.895833,0.006528,0.004704,231.932128
3072,32,2,0.900000,0.895833,0.005376,0.004736,231.753984
3072,32,3,0.900000,0.895833,0.004928,0.004448,231.933184
3072,32,1,1.000000,1.000000,0.006688,0.004736,259.822848
3072,32,2,1.000000,1.000000,0.005216,0.035040,259.810368
3072,32,3,1.000000,1.000000,0.006080,0.004672,259.783424
3584,8,1,0.000000,0.000000,0.006848,0.004800,116.996160
3584,8,2,0.000000,0.000000,0.005472,0.004640,116.958656
3584,8,3,0.000000,0.000000,0.005024,0.004480,116.931328
3584,8,1,0.100000,0.099893,0.007008,0.004768,169.728992
3584,8,2,0.100000,0.099893,0.005088,0.004480,169.631168
3584,8,3,0.100000,0.099893,0.004672,0.004416,169.691456
3584,8,1,0.200000,0.200898,0.006720,0.004832,235.082880
3584,8,2,0.200000,0.200898,0.005216,0.004512,235.154784
3584,8,3,0.200000,0.200898,0.004896,0.004416,235.093344
3584,8,1,0.300000,0.300283,0.006976,0.004800,303.536352
3584,8,2,0.300000,0.300283,0.008064,0.005536,303.494944
3584,8,3,0.300000,0.300283,0.004864,0.004512,303.394592
3584,8,1,0.400000,0.399588,0.006560,0.004768,373.635840
3584,8,2,0.400000,0.399588,0.009824,0.006080,373.521152
3584,8,3,0.400000,0.399588,0.004928,0.004544,373.470176
3584,8,1,0.500000,0.501116,0.006784,0.004896,446.398816
3584,8,2,0.500000,0.501116,0.007616,0.005408,446.456032
3584,8,3,0.500000,0.501116,0.005056,0.004544,446.390976
3584,8,1,0.600000,0.600855,0.006720,0.004832,518.291424
3584,8,2,0.600000,0.600855,0.006656,0.005056,518.126528
3584,8,3,0.600000,0.600855,0.007168,0.004960,518.007808
3584,8,1,0.700000,0.700778,0.006944,0.005024,590.317760
3584,8,2,0.700000,0.700778,0.007968,0.005280,590.284704
3584,8,3,0.700000,0.700778,0.005184,0.004512,589.737888
3584,8,1,0.800000,0.800019,0.006784,0.004800,661.085920
3584,8,2,0.800000,0.800019,0.009792,0.006528,660.662304
3584,8,3,0.800000,0.800019,0.004864,0.004768,660.319616
3584,8,1,0.900000,0.900974,0.006848,0.004864,731.358816
3584,8,2,0.900000,0.900974,0.006016,0.035520,731.284160
3584,8,3,0.900000,0.900974,0.007040,0.005024,729.903744
3584,8,1,1.000000,1.000000,0.006752,0.004736,793.973088
3584,8,2,1.000000,1.000000,0.005376,0.004608,793.783648
3584,8,3,1.000000,1.000000,0.004928,0.004448,793.537952
3584,16,1,0.000000,0.000000,0.006560,0.004704,55.758016
3584,16,2,0.000000,0.000000,0.005184,0.004448,55.643680
3584,16,3,0.000000,0.000000,0.004800,0.004480,55.793376
3584,16,1,0.100000,0.100446,0.006592,0.004672,82.693536
3584,16,2,0.100000,0.100446,0.010912,0.005824,82.591936
3584,16,3,0.100000,0.100446,0.004576,0.004352,82.655840
3584,16,1,0.200000,0.202647,0.006560,0.004736,116.984480
3584,16,2,0.200000,0.202647,0.005088,0.004448,116.986528
3584,16,3,0.200000,0.202647,0.004800,0.004480,116.929344
3584,16,1,0.300000,0.303053,0.006272,0.004704,154.460288
3584,16,2,0.300000,0.303053,0.005184,0.004608,154.340032
3584,16,3,0.300000,0.303053,0.004736,0.004384,153.974048
3584,16,1,0.400000,0.400849,0.006496,0.004768,192.446560
3584,16,2,0.400000,0.400849,0.005152,0.004480,192.518944
3584,16,3,0.400000,0.400849,0.004800,0.004416,192.487744
3584,16,1,0.500000,0.501335,0.006496,0.004736,232.212864
3584,16,2,0.500000,0.501335,0.005088,0.004544,231.963168
3584,16,3,0.500000,0.501335,0.004832,0.004416,232.554016
3584,16,1,0.600000,0.600745,0.006464,0.004768,272.882208
3584,16,2,0.600000,0.600745,0.005216,0.004480,272.515776
3584,16,3,0.600000,0.600745,0.004864,0.004384,272.581248
3584,16,1,0.700000,0.699478,0.006400,0.004704,312.843392
3584,16,2,0.700000,0.699478,0.005344,0.004512,311.663264
3584,16,3,0.700000,0.699478,0.005888,0.005088,312.684256
3584,16,1,0.800000,0.799047,0.006304,0.004736,353.137376
3584,16,2,0.800000,0.799047,0.005184,0.004544,354.195360
3584,16,3,0.800000,0.799047,0.004800,0.004416,352.495616
3584,16,1,0.900000,0.901567,0.006336,0.004640,395.470080
3584,16,2,0.900000,0.901567,0.005440,0.004672,394.286944
3584,16,3,0.900000,0.901567,0.007040,0.005088,394.911136
3584,16,1,1.000000,1.000000,0.006336,0.004608,413.898240
3584,16,2,1.000000,1.000000,0.005568,0.004768,413.881600
3584,16,3,1.000000,1.000000,0.006528,0.005024,413.884192
3584,32,1,0.000000,0.000000,0.006368,0.004608,28.187360
3584,32,2,0.000000,0.000000,0.005152,0.004448,28.243616
3584,32,3,0.000000,0.000000,0.004960,0.004512,28.200832
3584,32,1,0.100000,0.097258,0.006272,0.004704,66.168832
3584,32,2,0.100000,0.097258,0.005120,0.004512,66.018688
3584,32,3,0.100000,0.097258,0.004640,0.004416,65.964736
3584,32,1,0.200000,0.202408,0.006304,0.004768,105.031904
3584,32,2,0.200000,0.202408,0.006688,0.004960,105.005824
3584,32,3,0.200000,0.202408,0.004768,0.004416,105.134560
3584,32,1,0.300000,0.304448,0.006400,0.004704,143.509952
3584,32,2,0.300000,0.304448,0.005344,0.004576,143.493152
3584,32,3,0.300000,0.304448,0.004832,0.004448,143.408320
3584,32,1,0.400000,0.404974,0.006752,0.004736,181.235488
3584,32,2,0.400000,0.404974,0.005088,0.004544,181.308416
3584,32,3,0.400000,0.404974,0.004768,0.004416,181.318496
3584,32,1,0.500000,0.504943,0.006272,0.004608,218.829024
3584,32,2,0.500000,0.504943,0.007168,0.005504,218.847648
3584,32,3,0.500000,0.504943,0.004896,0.004480,218.737472
3584,32,1,0.600000,0.601084,0.006368,0.004672,254.928320
3584,32,2,0.600000,0.601084,0.005088,0.004576,254.833472
3584,32,3,0.600000,0.601084,0.004896,0.004448,254.877312
3584,32,1,0.700000,0.701690,0.006464,0.004672,292.540416
3584,32,2,0.700000,0.701690,0.005824,0.004608,292.719072
3584,32,3,0.700000,0.701690,0.004640,0.004384,292.774816
3584,32,1,0.800000,0.799267,0.006496,0.004736,329.390816
3584,32,2,0.800000,0.799267,0.005184,0.004608,329.309664
3584,32,3,0.800000,0.799267,0.004704,0.004416,329.302752
3584,32,1,0.900000,0.902503,0.006464,0.004672,369.028480
3584,32,2,0.900000,0.902503,0.005280,0.004768,368.738496
3584,32,3,0.900000,0.902503,0.004896,0.004384,368.731840
3584,32,1,1.000000,1.000000,0.006560,0.004736,408.336896
3584,32,2,1.000000,1.000000,0.005152,0.004480,408.309248
3584,32,3,1.000000,1.000000,0.004800,0.004384,408.325696
4096,8,1,0.000000,0.000000,0.006944,0.004928,174.594784
4096,8,2,0.000000,0.000000,0.005088,0.034880,174.554592
4096,8,3,0.000000,0.000000,0.005056,0.004512,174.561024
4096,8,1,0.100000,0.100037,0.006912,0.004768,258.467712
4096,8,2,0.100000,0.100037,0.005152,0.004480,258.412288
4096,8,3,0.100000,0.100037,0.004864,0.004416,258.512864
4096,8,1,0.200000,0.200626,0.006912,0.004864,361.134048
4096,8,2,0.200000,0.200626,0.007424,0.005216,361.070144
4096,8,3,0.200000,0.200626,0.005728,0.004608,360.980256
4096,8,1,0.300000,0.300312,0.007040,0.004736,468.218112
4096,8,2,0.300000,0.300312,0.006848,0.005504,468.172256
4096,8,3,0.300000,0.300312,0.005088,0.004704,468.229920
4096,8,1,0.400000,0.400280,0.006816,0.004704,578.004704
4096,8,2,0.400000,0.400280,0.005152,0.004512,577.905920
4096,8,3,0.400000,0.400280,0.005024,0.004608,577.905344
4096,8,1,0.500000,0.498943,0.006752,0.004864,687.188608
4096,8,2,0.500000,0.498943,0.005920,0.004672,687.309120
4096,8,3,0.500000,0.498943,0.006656,0.005376,687.442944
4096,8,1,0.600000,0.599022,0.006816,0.004736,798.396544
4096,8,2,0.600000,0.599022,0.009856,0.005760,798.328160
4096,8,3,0.600000,0.599022,0.005056,0.004448,798.096928
4096,8,1,0.700000,0.698868,0.006912,0.004864,909.256224
4096,8,2,0.700000,0.698868,0.007552,0.005440,908.547008
4096,8,3,0.700000,0.698868,0.006560,0.005408,908.621120
4096,8,1,0.800000,0.799389,0.006912,0.004896,1019.863520
4096,8,2,0.800000,0.799389,0.008480,0.005248,1018.290720
4096,8,3,0.800000,0.799389,0.006976,0.005088,1016.806464
4096,8,1,0.900000,0.899979,0.006912,0.004768,1127.907840
4096,8,2,0.900000,0.899979,0.005632,0.035136,1127.528864
4096,8,3,0.900000,0.899979,0.005248,0.004672,1124.787808
4096,8,1,1.000000,1.000000,0.006752,0.004704,1230.831872
4096,8,2,1.000000,1.000000,0.005440,0.004768,1229.969792
4096,8,3,1.000000,1.000000,0.005056,0.004512,1228.380096
4096,16,1,0.000000,0.000000,0.006688,0.004640,83.015776
4096,16,2,0.000000,0.000000,0.005248,0.004448,83.237216
4096,16,3,0.000000,0.000000,0.004736,0.004352,83.107712
4096,16,1,0.100000,0.100876,0.006528,0.004608,124.251360
4096,16,2,0.100000,0.100876,0.005152,0.004480,124.631168
4096,16,3,0.100000,0.100876,0.004704,0.004448,124.400064
4096,16,1,0.200000,0.201721,0.006752,0.004704,175.224256
4096,16,2,0.200000,0.201721,0.005152,0.004480,175.535712
4096,16,3,0.200000,0.201721,0.004704,0.004384,175.017600
4096,16,1,0.300000,0.301193,0.006432,0.004768,230.598400
4096,16,2,0.300000,0.301193,0.005120,0.004512,230.365536
4096,16,3,0.300000,0.301193,0.004640,0.004480,230.039488
4096,16,1,0.400000,0.399185,0.006304,0.004672,287.541312
4096,16,2,0.400000,0.399185,0.005376,0.004544,287.540256
4096,16,3,0.400000,0.399185,0.005216,0.004640,287.441888
4096,16,1,0.500000,0.497971,0.006304,0.004736,345.932800
4096,16,2,0.500000,0.497971,0.005248,0.004672,346.092960
4096,16,3,0.500000,0.497971,0.004896,0.004576,346.228576
4096,16,1,0.600000,0.597916,0.006496,0.004736,405.588864
4096,16,2,0.600000,0.597916,0.005120,0.004512,405.746272
4096,16,3,0.600000,0.597916,0.004800,0.004416,405.971584
4096,16,1,0.700000,0.697281,0.006528,0.004672,466.168320
4096,16,2,0.700000,0.697281,0.005120,0.004448,465.510720
4096,16,3,0.700000,0.697281,0.004832,0.004512,465.685632
4096,16,1,0.800000,0.797821,0.006368,0.004736,526.759808
4096,16,2,0.800000,0.797821,0.005312,0.004544,527.297760
4096,16,3,0.800000,0.797821,0.006528,0.005152,527.090464
4096,16,1,0.900000,0.900574,0.006400,0.004672,590.042816
4096,16,2,0.900000,0.900574,0.007168,0.005088,589.937920
4096,16,3,0.900000,0.900574,0.006336,0.034176,589.684256
4096,16,1,1.000000,1.000000,0.006432,0.004736,625.652512
4096,16,2,1.000000,1.000000,0.005312,0.004576,625.183264
4096,16,3,1.000000,1.000000,0.004960,0.004576,625.701152
4096,32,1,0.000000,0.000000,0.006368,0.004768,41.969792
4096,32,2,0.000000,0.000000,0.005120,0.004512,41.974336
4096,32,3,0.000000,0.000000,0.004704,0.004480,41.743552
4096,32,1,0.100000,0.100403,0.006368,0.004640,100.847872
4096,32,2,0.100000,0.100403,0.005152,0.004512,100.850528
4096,32,3,0.100000,0.100403,0.004736,0.004384,100.716288
4096,32,1,0.200000,0.200867,0.006496,0.004672,158.069856
4096,32,2,0.200000,0.200867,0.005184,0.004576,157.873184
4096,32,3,0.200000,0.200867,0.004800,0.004448,157.854144
4096,32,1,0.300000,0.301331,0.006336,0.004640,215.274656
4096,32,2,0.300000,0.301331,0.005184,0.004480,215.129248
4096,32,3,0.300000,0.301331,0.004864,0.004352,215.222816
4096,32,1,0.400000,0.400879,0.006528,0.004736,272.384416
4096,32,2,0.400000,0.400879,0.005216,0.004512,272.471712
4096,32,3,0.400000,0.400879,0.005536,0.004736,272.225920
4096,32,1,0.500000,0.500916,0.006432,0.004768,329.597120
4096,32,2,0.500000,0.500916,0.005152,0.004640,329.577408
4096,32,3,0.500000,0.500916,0.005088,0.034624,329.690016
4096,32,1,0.600000,0.601746,0.006464,0.004864,387.441952
4096,32,2,0.600000,0.601746,0.004992,0.004512,387.299264
4096,32,3,0.600000,0.601746,0.004800,0.004512,387.252896
4096,32,1,0.700000,0.697815,0.006848,0.004672,441.904896
4096,32,2,0.700000,0.697815,0.005696,0.004480,441.969440
4096,32,3,0.700000,0.697815,0.004736,0.004352,442.172544
4096,32,1,0.800000,0.798523,0.006624,0.004736,499.498720
4096,32,2,0.800000,0.798523,0.005120,0.034880,499.609376
4096,32,3,0.800000,0.798523,0.004960,0.004448,499.718240
4096,32,1,0.900000,0.901123,0.006336,0.004832,557.158944
4096,32,2,0.900000,0.901123,0.005408,0.004480,556.276352
4096,32,3,0.900000,0.901123,0.005152,0.004448,557.198208
4096,32,1,1.000000,1.000000,0.006368,0.004704,614.404928
4096,32,2,1.000000,1.000000,0.007328,0.005440,614.429376
4096,32,3,1.000000,1.000000,0.005696,0.005120,614.409504
